NAME: pairs_raw.txt
TYPE: TSP
COMMENT: Generated by ../matriz.pl date: Tue Sep 17 10:38:03 2013; offset=10000; Smith-Waterman algorithm with MATCH=1, MISMATCH=-3 and GAP=-2
DIMENSION: 40
EDGE_WEIGHT_TYPE: EXPLICIT
EDGE_WEIGHT_FORMAT: FULL_MATRIX
EDGE_WEIGHT_SECTION
10000 9983 9952 9696 9980 9983 9984 9983 9988 9838 9753 9952 9980 9991 9984 9981 9949 9980 9949 9983 9983 9983 9987 9952 9975 9893 9987 9991 9968 9978 9983 9980 9988 9714 9952 9988 9983 9980 9978 10000 
9983 10000 9970 9983 9980 9981 9987 9669 9699 9924 9924 9987 9981 9982 9987 9984 9990 9987 9989 9719 9987 9587 9951 9970 9832 9983 9984 9982 9987 9961 9588 9987 9845 9983 9970 9753 9726 9987 9947 10000 
9952 9970 10000 9932 9775 9807 9968 9968 9970 9745 9981 9822 9738 9986 9981 9951 9790 9851 9678 9984 9981 9976 9987 9634 9985 9870 9986 9991 9985 9987 9976 9637 9969 9783 9674 9912 9912 9647 9913 10000 
9696 9983 9932 10000 9980 9973 9984 9983 9988 9841 9673 9952 9957 9991 9984 9981 9949 9981 9949 9983 9983 9983 9987 9952 9975 9800 9987 9991 9968 9978 9983 9981 9988 9717 9952 9988 9983 9981 9978 10000 
9980 9980 9775 9980 10000 9893 9968 9968 9971 9952 9981 9980 9893 9991 9987 9983 9990 9721 9893 9980 9987 9980 9894 9896 9980 9893 9988 9991 9980 9986 9980 9749 9966 9980 9936 9936 9936 9751 9927 10000 
9983 9981 9807 9973 9893 10000 9973 9973 9973 9876 9973 9987 9654 9988 9985 9988 9912 9956 9760 9964 9964 9964 9964 9807 9967 9724 9967 9967 9967 9967 9967 9807 9967 9967 9851 9913 9913 9807 9914 10000 
9984 9987 9968 9984 9968 9973 10000 9987 9970 9984 9984 9967 9985 9987 9587 9901 9987 9981 9987 9987 9700 9987 9901 9967 9967 9987 9729 9980 9967 9989 9987 9987 9970 9984 9967 9970 9987 9987 9991 10000 
9983 9669 9968 9983 9968 9973 9987 10000 9699 9924 9924 9987 9981 9982 9987 9991 9991 9987 9989 9815 9987 9683 9984 9970 9928 9983 9984 9982 9987 9989 9684 9987 9845 9983 9970 9753 9822 9987 9989 10000 
9988 9699 9970 9988 9971 9973 9970 9699 10000 9974 9988 9977 9981 9982 9970 9989 9991 9971 9989 9845 9845 9712 9973 9970 9958 9988 9970 9982 9987 9989 9713 9944 9694 9958 9970 9620 9852 9971 9971 10000 
9838 9924 9745 9841 9952 9876 9984 9924 9974 10000 9898 9952 9789 9992 9984 9981 9949 9981 9758 9962 9987 9987 9987 9745 9987 9941 9990 9992 9968 9962 9987 9857 9924 9712 9745 9921 9921 9857 9934 10000 
9753 9924 9981 9673 9981 9973 9984 9924 9988 9898 10000 9979 9970 9991 9984 9981 9981 9981 9983 9983 9983 9983 9987 9979 9975 9813 9987 9991 9968 9978 9983 9981 9988 9774 9979 9988 9983 9981 9978 10000 
9952 9987 9822 9952 9980 9987 9967 9987 9977 9952 9979 10000 9933 9975 9967 9951 9873 9985 9873 9982 9967 9977 9987 9729 9987 9979 9986 9991 9692 9839 9977 9946 9977 9952 9684 9977 9987 9956 9977 10000 
9980 9981 9738 9957 9893 9654 9985 9981 9981 9789 9970 9933 10000 9988 9985 9988 9850 9974 9697 9981 9989 9981 9987 9738 9987 9708 9988 9991 9987 9990 9981 9756 9985 9820 9781 9988 9981 9765 9987 10000 
9991 9982 9986 9991 9991 9988 9987 9982 9982 9992 9991 9975 9988 10000 9982 9740 9749 9981 9877 9982 9982 9982 9981 9975 9984 9988 9981 9700 9989 9984 9982 9991 9989 9991 9975 9982 9982 9991 9984 10000 
9984 9987 9981 9984 9987 9985 9587 9987 9970 9984 9984 9967 9985 9982 10000 9987 9982 9981 9989 9983 9699 9984 9922 9967 9984 9987 9750 9900 9909 9989 9984 9987 9970 9987 9967 9970 9984 9987 9987 10000 
9981 9984 9951 9981 9983 9988 9901 9991 9989 9981 9981 9951 9988 9740 9987 10000 9694 9981 9822 9991 9982 9991 9981 9951 9991 9988 9981 9900 9989 9991 9991 9989 9989 9981 9951 9989 9991 9989 9991 10000 
9949 9990 9790 9949 9990 9912 9987 9991 9991 9949 9981 9873 9850 9749 9982 9694 10000 9981 9661 9987 9982 9988 9981 9790 9975 9982 9981 9909 9985 9990 9988 9868 9991 9949 9790 9991 9988 9877 9987 10000 
9980 9987 9851 9981 9721 9956 9981 9987 9971 9981 9981 9985 9974 9981 9981 9981 9981 10000 9974 9987 9981 9987 9748 9972 9990 9974 9885 9991 9985 9991 9987 9824 9971 9980 9985 9971 9987 9826 9991 10000 
9949 9989 9678 9949 9893 9760 9987 9989 9989 9758 9983 9873 9697 9877 9989 9822 9661 9974 10000 9989 9982 9989 9981 9678 9975 9829 9981 9989 9987 9990 9989 9756 9985 9789 9721 9988 9989 9765 9987 10000 
9983 9719 9984 9983 9980 9964 9987 9815 9845 9962 9983 9982 9981 9982 9983 9991 9987 9987 9989 10000 9987 9689 9921 9984 9676 9983 9984 9982 9987 9786 9687 9981 9985 9962 9976 9899 9690 9981 9772 10000 
9983 9987 9981 9983 9987 9964 9700 9987 9845 9987 9983 9967 9989 9982 9699 9982 9982 9981 9982 9987 10000 9984 9981 9967 9984 9987 9863 9900 9909 9989 9984 9987 9987 9987 9967 9987 9984 9987 9987 10000 
9983 9587 9976 9983 9980 9964 9987 9683 9712 9987 9983 9977 9981 9982 9984 9991 9988 9987 9989 9689 9984 10000 9987 9987 9802 9983 9990 9982 9984 9930 9557 9944 9859 9958 9987 9767 9696 9987 9917 10000 
9987 9951 9987 9987 9894 9964 9901 9984 9973 9987 9987 9987 9987 9981 9922 9981 9981 9748 9981 9921 9981 9987 10000 9988 9990 9987 9772 9991 9988 9988 9987 9988 9973 9987 9988 9973 9987 9988 9988 10000 
9952 9970 9634 9952 9896 9807 9967 9970 9970 9745 9979 9729 9738 9975 9967 9951 9790 9972 9678 9984 9967 9987 9988 10000 9913 9870 9984 9984 9901 9984 9977 9758 9978 9783 9581 9912 9912 9768 9913 10000 
9975 9832 9985 9975 9980 9967 9967 9928 9958 9987 9975 9987 9987 9984 9984 9991 9975 9990 9975 9676 9984 9802 9990 9913 10000 9987 9984 9984 9982 9805 9800 9981 9969 9987 9976 9989 9796 9981 9791 10000 
9893 9983 9870 9800 9893 9724 9987 9983 9988 9941 9813 9979 9708 9988 9987 9988 9982 9974 9829 9983 9987 9983 9987 9870 9987 10000 9987 9991 9980 9986 9983 9870 9985 9914 9913 9988 9983 9870 9986 10000 
9987 9984 9986 9987 9988 9967 9729 9984 9970 9990 9987 9986 9988 9981 9750 9981 9981 9885 9981 9984 9863 9990 9772 9984 9984 9987 10000 9991 9991 9991 9987 9991 9970 9987 9991 9970 9987 9991 9991 10000 
9991 9982 9991 9991 9991 9967 9980 9982 9982 9992 9991 9991 9991 9700 9900 9900 9909 9991 9989 9982 9900 9982 9991 9984 9984 9991 9991 10000 9991 9984 9982 9991 9984 9991 9991 9982 9982 9991 9984 10000 
9968 9987 9985 9968 9980 9967 9967 9987 9987 9968 9968 9692 9987 9989 9909 9989 9985 9985 9987 9987 9909 9984 9988 9901 9982 9980 9991 9991 10000 9859 9987 9985 9988 9968 9855 9987 9987 9985 9982 10000 
9978 9961 9987 9978 9986 9967 9989 9989 9989 9962 9978 9839 9990 9984 9989 9991 9990 9991 9990 9786 9989 9930 9988 9984 9805 9986 9991 9984 9859 10000 9929 9987 9988 9962 9987 9989 9925 9987 9709 10000 
9983 9588 9976 9983 9980 9967 9987 9684 9713 9987 9983 9977 9981 9982 9984 9991 9988 9987 9989 9687 9984 9557 9987 9977 9800 9983 9987 9982 9987 9929 10000 9987 9860 9983 9977 9768 9694 9987 9915 10000 
9980 9987 9637 9981 9749 9807 9987 9987 9944 9857 9981 9946 9756 9991 9987 9989 9868 9824 9756 9981 9987 9944 9988 9758 9981 9870 9991 9991 9985 9987 9987 10000 9971 9895 9797 9971 9987 9622 9973 10000 
9988 9845 9969 9988 9966 9967 9970 9845 9694 9924 9988 9977 9985 9989 9970 9989 9991 9971 9985 9985 9987 9859 9973 9978 9969 9985 9970 9984 9988 9988 9860 9971 10000 9978 9969 9715 9978 9971 9978 10000 
9714 9983 9783 9717 9980 9967 9984 9983 9958 9712 9774 9952 9820 9991 9987 9981 9949 9980 9789 9962 9987 9958 9987 9783 9987 9914 9987 9991 9968 9962 9983 9895 9978 10000 9783 9988 9983 9895 9962 10000 
9952 9970 9674 9952 9936 9851 9967 9970 9970 9745 9979 9684 9781 9975 9967 9951 9790 9985 9721 9976 9967 9987 9988 9581 9976 9913 9991 9991 9855 9987 9977 9797 9969 9783 10000 9970 9987 9807 9973 10000 
9988 9753 9912 9988 9936 9913 9970 9753 9620 9921 9988 9977 9988 9982 9970 9989 9991 9971 9988 9899 9987 9767 9973 9912 9989 9988 9970 9982 9987 9989 9768 9971 9715 9988 9970 10000 9906 9971 9989 10000 
9983 9726 9912 9983 9936 9913 9987 9822 9852 9921 9983 9987 9981 9982 9984 9991 9988 9987 9989 9690 9984 9696 9987 9912 9796 9983 9987 9982 9987 9925 9694 9987 9978 9983 9987 9906 10000 9981 9911 10000 
9980 9987 9647 9981 9751 9807 9987 9987 9971 9857 9981 9956 9765 9991 9987 9989 9877 9826 9765 9981 9987 9987 9988 9768 9981 9870 9991 9991 9985 9987 9987 9622 9971 9895 9807 9971 9981 10000 9973 10000 
9978 9947 9913 9978 9927 9914 9991 9989 9971 9934 9978 9977 9987 9984 9987 9991 9987 9991 9987 9772 9987 9917 9988 9913 9791 9986 9991 9984 9982 9709 9915 9973 9978 9962 9973 9989 9911 9973 10000 10000 
10000 10000 10000 10000 10000 10000 10000 10000 10000 10000 10000 10000 10000 10000 10000 10000 10000 10000 10000 10000 10000 10000 10000 10000 10000 10000 10000 10000 10000 10000 10000 10000 10000 10000 10000 10000 10000 10000 10000 10000 
